SIZES
  nstack                1703936
  nbuffer               11760
  pstack                1
  maxuse_stack          493
  maxuse_con            17
  maxuse_efc            69
  solver_iter           0
  solver_nnz            1
  ne                    0
  nf                    1
  nefc                  69
  ncon                  17

TIMER
    0:  duration =  0.2        number = 9
    1:  duration =  0.2        number = 9
    2:  duration =  0          number = 0
    3:  duration =  0.16       number = 9
    4:  duration =  0.011      number = 9
    5:  duration =  0          number = 0
    6:  duration =  0.004      number = 9
    7:  duration =  0.021      number = 9
    8:  duration =  0.018      number = 9
    9:  duration =  0.002      number = 9
    10:  duration =  0.1        number = 9
    11:  duration =  0.032      number = 9
    12:  duration =  0.001      number = 9

ENERGY =  0         0        

TIME =  38      

QPOS
   0        
  
QVEL
   0        
  
QACC_WARMSTART
   0        
  
QFRC_APPLIED
   0        
  
XFRC_APPLIED
   0         0         0         0         0         0        
   0         0         0         0         0         0        
   0         0         0         0         0         0        
   0         0         0         0         0         0        
   0         0         0         0         0         0        
   0         0         0         0         0         0        
   0         0         0         0         0         0        
   0         0         0         0         0         0        
   0         0         0         0         0         0        
  
QACC
   0        
  
XPOS
   0         0         0        
   0         0         0        
   0         0         0        
   0         0.22      0        
   0.00024  -0.08      0        
   0.0001    0.095    -0.025    
   0         0         0.4      
   0.23      0.1       0.85     
   0.23     -0.1       0.85     
  
XQUAT
   1         0         0         0        
   1         0         0         0        
   1         0         0         0        
   0.71      0         0        -0.71     
   0.71      0         0        -0.71     
   0.71      0         0        -0.71     
   1         0         0         0        
   1         0         0         0        
   1         0         0         0        
  
XMAT
   1         0         0         0         1         0         0         0         1        
   1         0         0         0         1         0         0         0         1        
   1         0         0         0         1         0         0         0         1        
   0.0008    1         0        -1         0.0008   -0        -0         0         1        
   0.0008    1         0        -1         0.0008   -0        -0         0         1        
   0.0008    1         0        -1         0.0008   -0        -0         0         1        
   1         0         0         0         1         0         0         0         1        
   1         0         0         0         1         0         0         0         1        
   1         0         0         0         1         0         0         0         1        
  
XIPOS
   0         0         0        
   0         0         0        
   0         0         0        
   0.00024  -0.08      0        
  -0.0013   -0.11      0        
   0.014     0.11     -0.025    
   0         0         0.4      
   0.23      0.1       0.85     
   0.23     -0.1       0.85     
  
XIMAT
   1         0         0         0         1         0         0         0         1        
   1         0         0         0         1         0         0         0         1        
   1         0         0         0         1         0         0         0         1        
   1         0         0.0008    0.0008    0        -1         0         1         0        
   1        -0.018     0         0.018     1         0         0         0         1        
   0.00054  -0.47     -0.88     -0.00029   0.88     -0.47      1         0.00051   0.00034  
   1         0         0         0         1         0         0         0         1        
   1         0         0         0         1         0         0         0         1        
   1         0         0         0         1         0         0         0         1        
  
XANCHOR
   0.00044  -0.33      0        
  
XAXIS
   0         0         1        
  
GEOM_XPOS
   0         0         0        
  -1.2       2.2       1.5      
  -1.2      -2.2       1.5      
   1.2       3         1.5      
   1.2      -3         1.5      
  -2         0         1.5      
   3         0         1.5      
   0.00044  -0.33      0        
   3.6e-05   0.18      0        
   0.00024  -0.08      0        
  -0.062     0.095    -0.025    
  -0.1       0.02     -0.025    
   0         0         0.4      
   0         0         0.4      
   0         0         0.4      
   0         0         0.4      
   0         0         0.4      
   0         0         0.4      
   0.23      0.1       0.85     
   0.23      0.1       0.85     
   0.23     -0.1       0.85     
   0.23     -0.1       0.85     
  
GEOM_XMAT
   1         0         0         0         1         0         0         0         1        
   0.71      0         0.71      0.71      0        -0.71      0         1         0        
   0.71      0        -0.71     -0.71      0        -0.71      0         1         0        
   1         0         0         0         0        -1         0         1         0        
   1        -0         0         0         0         1        -0        -1         0        
   0         0         1         1         0         0         0         1         0        
   0         0        -1        -1         0         0         0         1         0        
   0.0008    1         0        -1         0.0008   -0        -0         0         1        
   0.0008    1         0        -1         0.0008   -0        -0         0         1        
   0.0008    1         0        -1         0.0008   -0        -0         0         1        
   0.0008    1.7e-16   1        -1         5.6e-17   0.0008   -5.6e-17  -1         1.7e-16  
   0.0008    1         0        -1         0.0008   -0        -0         0         1        
   1         0         0         0         1         0         0         0         1        
   1         0         0         0         1         0         0         0         1        
   1         0         0         0         1         0         0         0         1        
   1         0         0         0         1         0         0         0         1        
   1         0         0         0         1         0         0         0         1        
   1         0         0         0         1         0         0         0         1        
   1         0         0         0         1         0         0         0         1        
   1         0         0         0         1         0         0         0         1        
   1         0         0         0         1         0         0         0         1        
   1         0         0         0         1         0         0         0         1        
  
SITE_XPOS
   0         0        -0.3      
   0         0         0.3      
   0.3       0         0        
  -0.1      -0.03     -0.025    
   0         0         0.8      
  
SITE_XMAT
   1         0         0         0         1         0         0         0         1        
   1         0         0         0         1         0         0         0         1        
   1         0         0         0         1         0         0         0         1        
   0.0008    1         0        -1         0.0008   -0        -0         0         1        
   1         0         0         0         1         0         0         0         1        
  
CAM_XPOS
   1.6       0         1.4      
  -0.2       0         3        
   0.5       0         1.4      
  -0.057     1.3       1.5      
  
CAM_XMAT
  -5.6e-17  -0.26      0.97      1         0         0         0         0.97      0.26     
   0        -1         0         1         0         0         0         0         1        
   0        -0.71      0.71      1         0         0         0         0.71      0.71     
  -1        -0.0078    0.023     0.024    -0.3       0.95     -0.00062   0.95      0.3      
  
LIGHT_XPOS
   1         1         1.5      
  
LIGHT_XDIR
  -0.19     -0.19     -0.96     
  
SUBTREE_COM
   0.0002   -0.00086   0.4      
   1.9e-05  -0.085    -0.00024  
   1.9e-05  -0.085    -0.00024  
   1.9e-05  -0.085    -0.00024  
  -0.00066  -0.1      -0.00099  
   0.014     0.11     -0.025    
   0         0         0.4      
   0.23      0.1       0.85     
   0.23     -0.1       0.85     
  
CDOF
   0         0         1        -0.25     -0.00042   0        
  
CINERT
   0         0         0         0         0         0         0         0         0         0        
   0         0         0         0         0         0        -0         0         0         0        
   0         0         0         0         0         0        -0         0         0         0        
   0.92      0.17      0.76      0.00059  -4.2e-07  -9.6e-06   0.0017    0.04      0.0019    7.9      
   0.093     0.052     0.045     0.00062   7.5e-07   1.4e-05  -0.0031   -0.06      0.00059   2.4      
   0.022     0.035     0.052    -0.013     4.7e-05   0.00049   0.0014    0.02     -0.0025    0.1      
   1.1e+02   1.1e+02   1.1e+02   0         0         0         0         0         0         1e+03    
   0.0014    0.0014    7e-05     0         0         0         0         5.7e-18   0         0.41     
   0.0017    0.0017    0.0001    0         0         0         0         7e-18     0         0.5      
  
CRB
   0         0         0         0         0         0         0         0         0         0        
   1         0.26      0.86     -0.011     4.8e-05   0.0005    0         6.9e-18   2.2e-19   10       
   1         0.26      0.86     -0.011     4.8e-05   0.0005    0         6.9e-18   2.2e-19   10       
   1         0.26      0.86     -0.011     4.8e-05   0.0005    0         6.9e-18   2.2e-19   10       
   0.11      0.087     0.098    -0.012     4.8e-05   0.00051  -0.0017   -0.04     -0.0019    2.5      
   0.022     0.035     0.052    -0.013     4.7e-05   0.00049   0.0014    0.02     -0.0025    0.1      
   1.1e+02   1.1e+02   1.1e+02   0         0         0         0         0         0         1e+03    
   0.0014    0.0014    7e-05     0         0         0         0         5.7e-18   0         0.41     
   0.0017    0.0017    0.0001    0         0         0         0         7e-18     0         0.5      
  
QM
   0.24     
  
QLD
   0.24     
  
QLDIAGINV
   4.2      
  
QLDIAGSQRTINV
   2.1      
  
D_rownnz             0 

D_rowadr             0 

D_colind             0 

QDERIV
   0        
  
QLU
   0        
  
CONTACT
  0:
     dim           3
     geom          0 9
     exclude       0
     efc_address   1
     solref        0.02      1        
     solimp        0.9       0.95      0.001     0.5       2        
     dist         -0.29     
     includemargin 0        
     pos          -0.02      0.14     -0.14     
     frame         0         0         1         0         1         0        -1         0         0        
     friction      1         1         1         1         1        
     mu            1        
  1:
     dim           3
     geom          0 9
     exclude       0
     efc_address   5
     solref        0.02      1        
     solimp        0.9       0.95      0.001     0.5       2        
     dist         -0.29     
     includemargin 0        
     pos          -0.02     -0.3      -0.14     
     frame         0         0         1         0         1         0        -1         0         0        
     friction      1         1         1         1         1        
     mu            1        
  2:
     dim           3
     geom          0 9
     exclude       0
     efc_address   9
     solref        0.02      1        
     solimp        0.9       0.95      0.001     0.5       2        
     dist         -0.29     
     includemargin 0        
     pos           0.02      0.14     -0.14     
     frame         0         0         1         0         1         0        -1         0         0        
     friction      1         1         1         1         1        
     mu            1        
  3:
     dim           3
     geom          0 9
     exclude       0
     efc_address   13
     solref        0.02      1        
     solimp        0.9       0.95      0.001     0.5       2        
     dist         -0.29     
     includemargin 0        
     pos           0.02     -0.3      -0.14     
     frame         0         0         1         0         1         0        -1         0         0        
     friction      1         1         1         1         1        
     mu            1        
  4:
     dim           3
     geom          0 10
     exclude       0
     efc_address   17
     solref        0.02      1        
     solimp        0.9       0.95      0.001     0.5       2        
     dist         -0.05     
     includemargin 0        
     pos          -0.12      0.095    -0.025    
     frame         0         0         1         0         1         0        -1         0         0        
     friction      1         1         0.005     0.0001    0.0001   
     mu            1        
  5:
     dim           3
     geom          0 10
     exclude       0
     efc_address   21
     solref        0.02      1        
     solimp        0.9       0.95      0.001     0.5       2        
     dist         -0.05     
     includemargin 0        
     pos           0.0001    0.095    -0.025    
     frame         0         0         1         0         1         0        -1         0         0        
     friction      1         1         0.005     0.0001    0.0001   
     mu            1        
  6:
     dim           3
     geom          0 10
     exclude       0
     efc_address   25
     solref        0.02      1        
     solimp        0.9       0.95      0.001     0.5       2        
     dist         -0.013    
     includemargin 0        
     pos          -0.12      0.12     -0.0063   
     frame         0         0         1         0         1         0        -1         0         0        
     friction      1         1         0.005     0.0001    0.0001   
     mu            1        
  7:
     dim           3
     geom          0 10
     exclude       0
     efc_address   29
     solref        0.02      1        
     solimp        0.9       0.95      0.001     0.5       2        
     dist         -0.013    
     includemargin 0        
     pos          -0.12      0.073    -0.0063   
     frame         0         0         1         0         1         0        -1         0         0        
     friction      1         1         0.005     0.0001    0.0001   
     mu            1        
  8:
     dim           3
     geom          0 11
     exclude       0
     efc_address   33
     solref        0.02      1        
     solimp        0.9       0.95      0.001     0.5       2        
     dist         -0.045    
     includemargin 0        
     pos          -0.11      0.095    -0.022    
     frame         0         0         1         0         1         0        -1         0         0        
     friction      1         1         0.005     0.0001    0.0001   
     mu            1        
  9:
     dim           3
     geom          0 11
     exclude       0
     efc_address   37
     solref        0.02      1        
     solimp        0.9       0.95      0.001     0.5       2        
     dist         -0.045    
     includemargin 0        
     pos          -0.11     -0.055    -0.022    
     frame         0         0         1         0         1         0        -1         0         0        
     friction      1         1         0.005     0.0001    0.0001   
     mu            1        
  10:
     dim           3
     geom          0 11
     exclude       0
     efc_address   41
     solref        0.02      1        
     solimp        0.9       0.95      0.001     0.5       2        
     dist         -0.045    
     includemargin 0        
     pos          -0.085     0.095    -0.022    
     frame         0         0         1         0         1         0        -1         0         0        
     friction      1         1         0.005     0.0001    0.0001   
     mu            1        
  11:
     dim           3
     geom          0 11
     exclude       0
     efc_address   45
     solref        0.02      1        
     solimp        0.9       0.95      0.001     0.5       2        
     dist         -0.045    
     includemargin 0        
     pos          -0.085    -0.055    -0.022    
     frame         0         0         1         0         1         0        -1         0         0        
     friction      1         1         0.005     0.0001    0.0001   
     mu            1        
  12:
     dim           3
     geom          9 12
     exclude       0
     efc_address   49
     solref        0.02      1        
     solimp        0.9       0.95      0.001     0.5       2        
     dist         -0.14     
     includemargin 0        
     pos          -0.02      0.14      0.14     
     frame         0         0         1         0         1         0        -1         0         0        
     friction      1         1         1         1         1        
     mu            1        
  13:
     dim           3
     geom          9 12
     exclude       0
     efc_address   53
     solref        0.02      1        
     solimp        0.9       0.95      0.001     0.5       2        
     dist         -0.14     
     includemargin 0        
     pos           0.02      0.14      0.14     
     frame         0         0         1         0         1         0        -1         0         0        
     friction      1         1         1         1         1        
     mu            1        
  14:
     dim           3
     geom          9 12
     exclude       0
     efc_address   57
     solref        0.02      1        
     solimp        0.9       0.95      0.001     0.5       2        
     dist         -0.14     
     includemargin 0        
     pos          -0.02     -0.3       0.14     
     frame         0         0         1         0         1         0        -1         0         0        
     friction      1         1         1         1         1        
     mu            1        
  15:
     dim           3
     geom          9 12
     exclude       0
     efc_address   61
     solref        0.02      1        
     solimp        0.9       0.95      0.001     0.5       2        
     dist         -0.14     
     includemargin 0        
     pos           0.02     -0.3       0.14     
     frame         0         0         1         0         1         0        -1         0         0        
     friction      1         1         1         1         1        
     mu            1        
  16:
     dim           3
     geom          9 12
     exclude       0
     efc_address   65
     solref        0.02      1        
     solimp        0.9       0.95      0.001     0.5       2        
     dist         -0.14     
     includemargin 0        
     pos          -0.4      -0.4       0.14     
     frame         0         0         1         0         1         0        -1         0         0        
     friction      1         1         1         1         1        
     mu            1        

EFC_TYPE
  1 
  6 
  6 
  6 
  6 
  6 
  6 
  6 
  6 
  6 
  6 
  6 
  6 
  6 
  6 
  6 
  6 
  6 
  6 
  6 
  6 
  6 
  6 
  6 
  6 
  6 
  6 
  6 
  6 
  6 
  6 
  6 
  6 
  6 
  6 
  6 
  6 
  6 
  6 
  6 
  6 
  6 
  6 
  6 
  6 
  6 
  6 
  6 
  6 
  6 
  6 
  6 
  6 
  6 
  6 
  6 
  6 
  6 
  6 
  6 
  6 
  6 
  6 
  6 
  6 
  6 
  6 
  6 
  6 
  
EFC_ID
  0 
  0 
  0 
  0 
  0 
  1 
  1 
  1 
  1 
  2 
  2 
  2 
  2 
  3 
  3 
  3 
  3 
  4 
  4 
  4 
  4 
  5 
  5 
  5 
  5 
  6 
  6 
  6 
  6 
  7 
  7 
  7 
  7 
  8 
  8 
  8 
  8 
  9 
  9 
  9 
  9 
  10 
  10 
  10 
  10 
  11 
  11 
  11 
  11 
  12 
  12 
  12 
  12 
  13 
  13 
  13 
  13 
  14 
  14 
  14 
  14 
  15 
  15 
  15 
  15 
  16 
  16 
  16 
  16 
  
EFC_J
   1        
  -0.02     
   0.02     
   0.47     
  -0.47     
  -0.02     
   0.02     
   0.035    
  -0.035    
   0.02     
  -0.02     
   0.48     
  -0.48     
   0.02     
  -0.02     
   0.035    
  -0.035    
  -0.13     
   0.13     
   0.43     
  -0.43     
  -0.00034  
   0.00034  
   0.43     
  -0.43     
  -0.13     
   0.13     
   0.45     
  -0.45     
  -0.13     
   0.13     
   0.41     
  -0.41     
  -0.12     
   0.12     
   0.43     
  -0.43     
  -0.12     
   0.12     
   0.28     
  -0.28     
  -0.085    
   0.085    
   0.43     
  -0.43     
  -0.085    
   0.085    
   0.28     
  -0.28     
   0.02     
  -0.02     
  -0.47     
   0.47     
  -0.02     
   0.02     
  -0.48     
   0.48     
   0.02     
  -0.02     
  -0.035    
   0.035    
  -0.02     
   0.02     
  -0.035    
   0.035    
   0.4      
  -0.4      
   0.065    
  -0.065    
  
EFC_POS
   0        
  -0.29     
  -0.29     
  -0.29     
  -0.29     
  -0.29     
  -0.29     
  -0.29     
  -0.29     
  -0.29     
  -0.29     
  -0.29     
  -0.29     
  -0.29     
  -0.29     
  -0.29     
  -0.29     
  -0.05     
  -0.05     
  -0.05     
  -0.05     
  -0.05     
  -0.05     
  -0.05     
  -0.05     
  -0.013    
  -0.013    
  -0.013    
  -0.013    
  -0.013    
  -0.013    
  -0.013    
  -0.013    
  -0.045    
  -0.045    
  -0.045    
  -0.045    
  -0.045    
  -0.045    
  -0.045    
  -0.045    
  -0.045    
  -0.045    
  -0.045    
  -0.045    
  -0.045    
  -0.045    
  -0.045    
  -0.045    
  -0.14     
  -0.14     
  -0.14     
  -0.14     
  -0.14     
  -0.14     
  -0.14     
  -0.14     
  -0.14     
  -0.14     
  -0.14     
  -0.14     
  -0.14     
  -0.14     
  -0.14     
  -0.14     
  -0.14     
  -0.14     
  -0.14     
  -0.14     
  
EFC_MARGIN
   0        
   0        
   0        
   0        
   0        
   0        
   0        
   0        
   0        
   0        
   0        
   0        
   0        
   0        
   0        
   0        
   0        
   0        
   0        
   0        
   0        
   0        
   0        
   0        
   0        
   0        
   0        
   0        
   0        
   0        
   0        
   0        
   0        
   0        
   0        
   0        
   0        
   0        
   0        
   0        
   0        
   0        
   0        
   0        
   0        
   0        
   0        
   0        
   0        
   0        
   0        
   0        
   0        
   0        
   0        
   0        
   0        
   0        
   0        
   0        
   0        
   0        
   0        
   0        
   0        
   0        
   0        
   0        
   0        
  
EFC_FRICTIONLOSS
   1        
   0        
   0        
   0        
   0        
   0        
   0        
   0        
   0        
   0        
   0        
   0        
   0        
   0        
   0        
   0        
   0        
   0        
   0        
   0        
   0        
   0        
   0        
   0        
   0        
   0        
   0        
   0        
   0        
   0        
   0        
   0        
   0        
   0        
   0        
   0        
   0        
   0        
   0        
   0        
   0        
   0        
   0        
   0        
   0        
   0        
   0        
   0        
   0        
   0        
   0        
   0        
   0        
   0        
   0        
   0        
   0        
   0        
   0        
   0        
   0        
   0        
   0        
   0        
   0        
   0        
   0        
   0        
   0        
  
EFC_DIAGAPPROX
   4.2      
   0.29     
   0.29     
   0.29     
   0.29     
   0.29     
   0.29     
   0.29     
   0.29     
   0.29     
   0.29     
   0.29     
   0.29     
   0.29     
   0.29     
   0.29     
   0.29     
   1.1      
   1.1      
   1.1      
   1.1      
   1.1      
   1.1      
   1.1      
   1.1      
   1.1      
   1.1      
   1.1      
   1.1      
   1.1      
   1.1      
   1.1      
   1.1      
   1.1      
   1.1      
   1.1      
   1.1      
   1.1      
   1.1      
   1.1      
   1.1      
   1.1      
   1.1      
   1.1      
   1.1      
   1.1      
   1.1      
   1.1      
   1.1      
   0.29     
   0.29     
   0.29     
   0.29     
   0.29     
   0.29     
   0.29     
   0.29     
   0.29     
   0.29     
   0.29     
   0.29     
   0.29     
   0.29     
   0.29     
   0.29     
   0.29     
   0.29     
   0.29     
   0.29     
  
EFC_KBIP
   0         1.1e+02   0.9       0        
   2.8e+03   1.1e+02   0.95      0        
   2.8e+03   1.1e+02   0.95      0        
   2.8e+03   1.1e+02   0.95      0        
   2.8e+03   1.1e+02   0.95      0        
   2.8e+03   1.1e+02   0.95      0        
   2.8e+03   1.1e+02   0.95      0        
   2.8e+03   1.1e+02   0.95      0        
   2.8e+03   1.1e+02   0.95      0        
   2.8e+03   1.1e+02   0.95      0        
   2.8e+03   1.1e+02   0.95      0        
   2.8e+03   1.1e+02   0.95      0        
   2.8e+03   1.1e+02   0.95      0        
   2.8e+03   1.1e+02   0.95      0        
   2.8e+03   1.1e+02   0.95      0        
   2.8e+03   1.1e+02   0.95      0        
   2.8e+03   1.1e+02   0.95      0        
   2.8e+03   1.1e+02   0.95      0        
   2.8e+03   1.1e+02   0.95      0        
   2.8e+03   1.1e+02   0.95      0        
   2.8e+03   1.1e+02   0.95      0        
   2.8e+03   1.1e+02   0.95      0        
   2.8e+03   1.1e+02   0.95      0        
   2.8e+03   1.1e+02   0.95      0        
   2.8e+03   1.1e+02   0.95      0        
   2.8e+03   1.1e+02   0.95      0        
   2.8e+03   1.1e+02   0.95      0        
   2.8e+03   1.1e+02   0.95      0        
   2.8e+03   1.1e+02   0.95      0        
   2.8e+03   1.1e+02   0.95      0        
   2.8e+03   1.1e+02   0.95      0        
   2.8e+03   1.1e+02   0.95      0        
   2.8e+03   1.1e+02   0.95      0        
   2.8e+03   1.1e+02   0.95      0        
   2.8e+03   1.1e+02   0.95      0        
   2.8e+03   1.1e+02   0.95      0        
   2.8e+03   1.1e+02   0.95      0        
   2.8e+03   1.1e+02   0.95      0        
   2.8e+03   1.1e+02   0.95      0        
   2.8e+03   1.1e+02   0.95      0        
   2.8e+03   1.1e+02   0.95      0        
   2.8e+03   1.1e+02   0.95      0        
   2.8e+03   1.1e+02   0.95      0        
   2.8e+03   1.1e+02   0.95      0        
   2.8e+03   1.1e+02   0.95      0        
   2.8e+03   1.1e+02   0.95      0        
   2.8e+03   1.1e+02   0.95      0        
   2.8e+03   1.1e+02   0.95      0        
   2.8e+03   1.1e+02   0.95      0        
   2.8e+03   1.1e+02   0.95      0        
   2.8e+03   1.1e+02   0.95      0        
   2.8e+03   1.1e+02   0.95      0        
   2.8e+03   1.1e+02   0.95      0        
   2.8e+03   1.1e+02   0.95      0        
   2.8e+03   1.1e+02   0.95      0        
   2.8e+03   1.1e+02   0.95      0        
   2.8e+03   1.1e+02   0.95      0        
   2.8e+03   1.1e+02   0.95      0        
   2.8e+03   1.1e+02   0.95      0        
   2.8e+03   1.1e+02   0.95      0        
   2.8e+03   1.1e+02   0.95      0        
   2.8e+03   1.1e+02   0.95      0        
   2.8e+03   1.1e+02   0.95      0        
   2.8e+03   1.1e+02   0.95      0        
   2.8e+03   1.1e+02   0.95      0        
   2.8e+03   1.1e+02   0.95      0        
   2.8e+03   1.1e+02   0.95      0        
   2.8e+03   1.1e+02   0.95      0        
   2.8e+03   1.1e+02   0.95      0        
  
EFC_D
   2.1      
   66       
   66       
   66       
   66       
   66       
   66       
   66       
   66       
   66       
   66       
   66       
   66       
   66       
   66       
   66       
   66       
   17       
   17       
   17       
   17       
   17       
   17       
   17       
   17       
   17       
   17       
   17       
   17       
   17       
   17       
   17       
   17       
   17       
   17       
   17       
   17       
   17       
   17       
   17       
   17       
   17       
   17       
   17       
   17       
   17       
   17       
   17       
   17       
   66       
   66       
   66       
   66       
   66       
   66       
   66       
   66       
   66       
   66       
   66       
   66       
   66       
   66       
   66       
   66       
   66       
   66       
   66       
   66       
  
EFC_R
   0.47     
   0.015    
   0.015    
   0.015    
   0.015    
   0.015    
   0.015    
   0.015    
   0.015    
   0.015    
   0.015    
   0.015    
   0.015    
   0.015    
   0.015    
   0.015    
   0.015    
   0.06     
   0.06     
   0.06     
   0.06     
   0.06     
   0.06     
   0.06     
   0.06     
   0.06     
   0.06     
   0.06     
   0.06     
   0.06     
   0.06     
   0.06     
   0.06     
   0.06     
   0.06     
   0.06     
   0.06     
   0.06     
   0.06     
   0.06     
   0.06     
   0.06     
   0.06     
   0.06     
   0.06     
   0.06     
   0.06     
   0.06     
   0.06     
   0.015    
   0.015    
   0.015    
   0.015    
   0.015    
   0.015    
   0.015    
   0.015    
   0.015    
   0.015    
   0.015    
   0.015    
   0.015    
   0.015    
   0.015    
   0.015    
   0.015    
   0.015    
   0.015    
   0.015    
  
CVEL
   0         0         0         0         0         0        
   0         0         0         0         0         0        
   0         0         0         0         0         0        
   0         0         0         0         0         0        
   0         0         0         0         0         0        
   0         0         0         0         0         0        
   0         0         0         0         0         0        
   0         0         0         0         0         0        
   0         0         0         0         0         0        
  
CDOF_DOT
   0         0         0         0         0         0        
  
QFRC_BIAS
   0        
  
QFRC_PASSIVE
   0        
  
EFC_VEL
   0        
   0        
   0        
   0        
   0        
   0        
   0        
   0        
   0        
   0        
   0        
   0        
   0        
   0        
   0        
   0        
   0        
   0        
   0        
   0        
   0        
   0        
   0        
   0        
   0        
   0        
   0        
   0        
   0        
   0        
   0        
   0        
   0        
   0        
   0        
   0        
   0        
   0        
   0        
   0        
   0        
   0        
   0        
   0        
   0        
   0        
   0        
   0        
   0        
   0        
   0        
   0        
   0        
   0        
   0        
   0        
   0        
   0        
   0        
   0        
   0        
   0        
   0        
   0        
   0        
   0        
   0        
   0        
   0        
  
EFC_AREF
  -0        
   7.6e+02  
   7.6e+02  
   7.6e+02  
   7.6e+02  
   7.6e+02  
   7.6e+02  
   7.6e+02  
   7.6e+02  
   7.6e+02  
   7.6e+02  
   7.6e+02  
   7.6e+02  
   7.6e+02  
   7.6e+02  
   7.6e+02  
   7.6e+02  
   1.3e+02  
   1.3e+02  
   1.3e+02  
   1.3e+02  
   1.3e+02  
   1.3e+02  
   1.3e+02  
   1.3e+02  
   33       
   33       
   33       
   33       
   33       
   33       
   33       
   33       
   1.2e+02  
   1.2e+02  
   1.2e+02  
   1.2e+02  
   1.2e+02  
   1.2e+02  
   1.2e+02  
   1.2e+02  
   1.2e+02  
   1.2e+02  
   1.2e+02  
   1.2e+02  
   1.2e+02  
   1.2e+02  
   1.2e+02  
   1.2e+02  
   3.8e+02  
   3.8e+02  
   3.8e+02  
   3.8e+02  
   3.8e+02  
   3.8e+02  
   3.8e+02  
   3.8e+02  
   3.8e+02  
   3.8e+02  
   3.8e+02  
   3.8e+02  
   3.8e+02  
   3.8e+02  
   3.8e+02  
   3.8e+02  
   3.8e+02  
   3.8e+02  
   3.8e+02  
   3.8e+02  
  
SUBTREE_LINVEL
   0         0         0        
   0         0         0        
   0         0         0        
   0         0         0        
   0         0         0        
   0         0         0        
   0         0         0        
   0         0         0        
   0         0         0        
  
SUBTREE_ANGMOM
   0         0         0        
   0         0         0        
   0         0         0        
   0         0         0        
   0         0         0        
   0         0         0        
   0         0         0        
   0         0         0        
   0         0         0        
  
QFRC_ACTUATOR
   0        
  
QFRC_SMOOTH
   0        
  
QACC_SMOOTH
   0        
  
EFC_B
   0        
  -7.6e+02  
  -7.6e+02  
  -7.6e+02  
  -7.6e+02  
  -7.6e+02  
  -7.6e+02  
  -7.6e+02  
  -7.6e+02  
  -7.6e+02  
  -7.6e+02  
  -7.6e+02  
  -7.6e+02  
  -7.6e+02  
  -7.6e+02  
  -7.6e+02  
  -7.6e+02  
  -1.3e+02  
  -1.3e+02  
  -1.3e+02  
  -1.3e+02  
  -1.3e+02  
  -1.3e+02  
  -1.3e+02  
  -1.3e+02  
  -33       
  -33       
  -33       
  -33       
  -33       
  -33       
  -33       
  -33       
  -1.2e+02  
  -1.2e+02  
  -1.2e+02  
  -1.2e+02  
  -1.2e+02  
  -1.2e+02  
  -1.2e+02  
  -1.2e+02  
  -1.2e+02  
  -1.2e+02  
  -1.2e+02  
  -1.2e+02  
  -1.2e+02  
  -1.2e+02  
  -1.2e+02  
  -1.2e+02  
  -3.8e+02  
  -3.8e+02  
  -3.8e+02  
  -3.8e+02  
  -3.8e+02  
  -3.8e+02  
  -3.8e+02  
  -3.8e+02  
  -3.8e+02  
  -3.8e+02  
  -3.8e+02  
  -3.8e+02  
  -3.8e+02  
  -3.8e+02  
  -3.8e+02  
  -3.8e+02  
  -3.8e+02  
  -3.8e+02  
  -3.8e+02  
  -3.8e+02  
  
EFC_FORCE
  -0        
   5.1e+04  
   5.1e+04  
   5.1e+04  
   5.1e+04  
   5.1e+04  
   5.1e+04  
   5.1e+04  
   5.1e+04  
   5.1e+04  
   5.1e+04  
   5.1e+04  
   5.1e+04  
   5.1e+04  
   5.1e+04  
   5.1e+04  
   5.1e+04  
   2.2e+03  
   2.2e+03  
   2.2e+03  
   2.2e+03  
   2.2e+03  
   2.2e+03  
   2.2e+03  
   2.2e+03  
   5.5e+02  
   5.5e+02  
   5.5e+02  
   5.5e+02  
   5.5e+02  
   5.5e+02  
   5.5e+02  
   5.5e+02  
   2e+03    
   2e+03    
   2e+03    
   2e+03    
   2e+03    
   2e+03    
   2e+03    
   2e+03    
   2e+03    
   2e+03    
   2e+03    
   2e+03    
   2e+03    
   2e+03    
   2e+03    
   2e+03    
   2.5e+04  
   2.5e+04  
   2.5e+04  
   2.5e+04  
   2.5e+04  
   2.5e+04  
   2.5e+04  
   2.5e+04  
   2.5e+04  
   2.5e+04  
   2.5e+04  
   2.5e+04  
   2.5e+04  
   2.5e+04  
   2.5e+04  
   2.5e+04  
   2.5e+04  
   2.5e+04  
   2.5e+04  
   2.5e+04  
  
EFC_STATE
  1 
  1 
  1 
  1 
  1 
  1 
  1 
  1 
  1 
  1 
  1 
  1 
  1 
  1 
  1 
  1 
  1 
  1 
  1 
  1 
  1 
  1 
  1 
  1 
  1 
  1 
  1 
  1 
  1 
  1 
  1 
  1 
  1 
  1 
  1 
  1 
  1 
  1 
  1 
  1 
  1 
  1 
  1 
  1 
  1 
  1 
  1 
  1 
  1 
  1 
  1 
  1 
  1 
  1 
  1 
  1 
  1 
  1 
  1 
  1 
  1 
  1 
  1 
  1 
  1 
  1 
  1 
  1 
  1 
  
QFRC_CONSTRAINT
   0        
  
QFRC_INVERSE
   0        
  
CACC
   0         0         0         0         0         0        
   0         0         0         0         0         0        
   0         0         0         0         0         0        
   0         0         0         0         0         0        
   0         0         0         0         0         0        
   0         0         0         0         0         0        
   0         0         0         0         0         0        
   0         0         0         0         0         0        
   0         0         0         0         0         0        
  
CFRC_INT
   0         0         0         0         0         0        
   0         0         0         0         0         0        
   0         0         0         0         0         0        
   0         0         0         0         0         0        
   0         0         0         0         0         0        
   0         0         0         0         0         0        
   0         0         0         0         0         0        
   0         0         0         0         0         0        
   0         0         0         0         0         0        
  
CFRC_EXT
   0         0         0         0         0         0        
   0         0         0         0         0         0        
   0         0         0         0         0         0        
   0         0         0         0         0         0        
   0         0         0         0         0         0        
   0         0         0         0         0         0        
   0         0         0         0         0         0        
   0         0         0         0         0         0        
   0         0         0         0         0         0        
  
